0000000000000000
0000100000000000
0001000100100100
0100001101101101
0000000000001010
0010101101101100
0011010010010000
1111000010111000
0011111100000100
0100001001101001
0000000000000101
0100111100100000
0101010111100000
0101110110110100
0110001101101100
0110100000100000
0111010110110101
0000000000011110
0111111111111101
0000000000000011
1000011011011001
0000000000001000
1000100000000000
1001000100100100
1010110110110101
0000000000010000
1011001011110001
1111111111111111
1011101000000001
0000000000000000
1100000000000000
1100100100100100
1101010110110101
1101111111111101
1110000000000001
1110100000000011
1111100000000011
